death 1 F single  
0 0 0.000000
1 0 0.0153485
2 0 0.0064154
3 0 0.0037698
4 0 0.0025224
5 0 0.0018113
6 0 0.0014110
7 0 0.0010837
8 0 0.0008243
9 0 0.0006389
10 0 0.0005313
11 0 0.0004943
12 0 0.0004884
13 0 0.0005040
14 0 0.0005417
15 0 0.0006022
16 0 0.0006815
17 0 0.0007630
18 0 0.0008422
19 0 0.0009195
20 0 0.0009946
21 0 0.0010663
22 0 0.0011272
23 0 0.0011753
24 0 0.0012099
25 0 0.0012301
26 0 0.0012388
27 0 0.0012494
28 0 0.0012658
29 0 0.0012884
30 0 0.0013175
31 0 0.0013516
32 0 0.0013826
33 0 0.0014080
34 0 0.0014276
35 0 0.0014408
36 0 0.0014483
37 0 0.0014537
38 0 0.0014579
39 0 0.0014609
40 0 0.0014626
41 0 0.0014641
42 0 0.0014713
43 0 0.0014856
44 0 0.0015078
45 0 0.0015384
46 0 0.0015776
47 0 0.0016259
48 0 0.0016837
49 0 0.0017517
50 0 0.0018309
51 0 0.0019214
52 0 0.0020220
53 0 0.0021329
54 0 0.0022552
55 0 0.0023904
56 0 0.0025389
57 0 0.0026988
58 0 0.0028704
59 0 0.0030555
60 0 0.0032562
61 0 0.0034740
62 0 0.0037060
63 0 0.0039535
64 0 0.0042191
65 0 0.0045058
66 0 0.0048178
67 0 0.0051535
68 0 0.0055176
69 0 0.0059152
70 0 0.0063527
71 0 0.0068407
72 0 0.0073700
73 0 0.0079503
74 0 0.0085907
75 0 0.0093022
76 0 0.0101060
77 0 0.0109245
78 0 0.0117365
79 0 0.0124869
80 0 0.0130768
81 0 0.0135354
82 0 0.0140683
83 0 0.0150499
84 0 0.0168405
85 0 0.0196670
86 0 0.0196670
87 0 0.0196670
88 0 0.0196670
89 0 0.0196670
90 0 0.0196670
91 0 0.0196670
92 0 0.0196670
93 0 0.0196670
94 0 0.0196670
95 0 0.0196670
96 0 0.0196670
97 0 0.0196670
98 0 0.0196670
99 0 0.0196670
100 0 0.0220868
