0
-0.867
-0.7152
-0.6552
-0.6219
-0.6015
-0.5879
-0.5766
-0.5666
-0.5578
-0.5498
-0.5431
-0.5365
-0.5296
-0.522
-0.5131
-0.5043
-0.4941
-0.4824
-0.4694
-0.4551
-0.4401
-0.4248
-0.4103
-0.3963
-0.3829
-0.3686
-0.3549
-0.3413
-0.328
-0.315
-0.302
-0.2889
-0.2759
-0.2627
-0.2496
-0.2364
-0.223
-0.2094
-0.1956
-0.1816
-0.1674
-0.153
-0.1381
-0.1229
-0.1073
-0.0911
-0.0745
-0.0574
-0.0396
-0.0212
-0.0021
0.0177
0.0383
0.0598
0.0821
0.1055
0.1299
0.1554
0.1821
0.21
0.2394
0.2701
0.3024
0.3364
0.3721
0.4097
0.4494
0.4912
0.5353
0.5818
0.6311
0.6832
0.7385
0.7971
0.8593
0.9255
0.996
1.0712
1.1516
1.2375
1.3296
1.4284
1.5346
1.6489
1.7722
1.9053
2.0493
2.2051
2.374
2.5573
2.7564
2.9727
3.2079
3.4639
3.7424
4.0456
4.3758
4.7353
5.127
10
